-0.112213 29.8701 0.28409
-1.02246 29.8666 0.265099
-1.93636 29.8209 0.260345
-3.1457 29.7304 0.247809
-4.04847 29.6149 0.241343
-5.25615 29.432 0.224699
-6.14525 29.256 0.21694
-7.33109 28.991 0.199545
-8.20896 28.7548 0.190112
-9.36718 28.3999 0.172987
-10.2322 28.1039 0.158483
-11.3564 27.6629 0.139013
-12.186 27.2998 0.125136
-13.2842 26.7751 0.107085
-14.0862 26.3518 0.0973228
-14.8802 25.9042 0.0915156
-15.9237 25.2742 0.0921693
-16.6917 24.7783 0.10296
-17.7013 24.0867 0.132562
-18.4462 23.5429 0.167529
-19.4076 22.8043 0.229318
-20.1276 22.2257 0.285303
-21.3105 21.3257 0.363029
-22.4493 20.0235 0.8325
-23.04 19.2718 0.705046
-23.7836 18.2736 0.573338
-24.3257 17.5365 0.488349
-24.8549 16.7787 0.423978
-25.5249 15.7548 0.373601
-25.9984 14.9795 0.340928
-26.5926 13.9101 0.314851
-26.9998 13.1064 0.301108
-27.5186 11.9944 0.281981
-27.8703 11.1581 0.276483
-28.3097 10.0191 0.266415
-28.5996 9.15982 0.265372
-28.9561 7.99293 0.259627
-29.1862 7.11072 0.255424
-29.4536 5.92304 0.249089
-29.617 5.02758 0.244246
-29.7981 3.82744 0.236087
-29.897 2.91605 0.231251
-29.9711 2.00519 0.22446
-30.0255 0.791679 0.215761
-30.0366 -0.123126 0.208427
-30.0063 -1.341 0.198319
-29.9517 -2.25477 0.190305
-29.8393 -3.46755 0.179396
-29.7171 -4.3717 0.170273
-29.5172 -5.57331 0.158475
-29.3352 -6.46719 0.150273
-29.0455 -7.64617 0.140828
-28.7965 -8.52595 0.131281
-28.4213 -9.69105 0.115822
-28.1183 -10.5527 0.103366
-27.7836 -11.3988 0.090031
-27.2949 -12.5181 0.0729255
-26.9024 -13.3438 0.0613101
-26.337 -14.4234 0.0503543
-25.8881 -15.2131 0.0482963
-25.241 -16.2465 0.0488389
-24.7338 -16.9956 0.056308
-24.0219 -17.9898 0.0770768
-23.4567 -18.7254 0.100153
-22.6975 -19.6556 0.155199
-22.1057 -20.3571 0.210927
-20.8067 -21.8381 1.06537
-20.0377 -22.4926 0.873068
-19.0422 -23.2697 0.718724
-18.3047 -23.837 0.62916
-17.3148 -24.5593 0.531811
-16.5569 -25.082 0.473777
-15.5172 -25.727 0.423312
-14.7245 -26.1846 0.395761
-13.6453 -26.7554 0.367092
-12.821 -27.1537 0.353411
-11.7025 -27.6527 0.337164
-10.8559 -28 0.328584
-9.71238 -28.4191 0.321235
-8.8471 -28.7035 0.31646
-7.68045 -29.0347 0.31432
-6.7991 -29.2552 0.31011
-5.9067 -29.4466 0.306413
-4.71675 -29.6663 0.301708
-3.81433 -29.7973 0.29487
-2.61371 -29.9311 0.287553
-1.7065 -29.9969 0.282265
-0.498348 -30.043 0.272021
0.413694 -30.0418 0.265068
1.6296 -29.9988 0.250119
2.541 -29.9349 0.239812
3.75373 -29.8072 0.223149
4.65979 -29.6775 0.211576
5.86374 -29.4647 0.193569
6.7604 -29.2727 0.179387
7.65006 -29.0488 0.166275
8.81988 -28.7087 0.151435
9.68456 -28.4191 0.14024
10.8257 -27.9896 0.124594
11.6685 -27.6353 0.113012
12.7752 -27.122 0.101606
13.5866 -26.708 0.0944876
14.6531 -26.1214 0.093404
15.4391 -25.6548 0.100335
16.4623 -24.9993 0.123996
17.2084 -24.4896 0.155025
18.1887 -23.7742 0.212655
18.9094 -23.2154 0.267526
19.8513 -22.469 0.363706
20.9513 -21.6864 0.446538
21.9167 -20.476 0.991975
22.4813 -19.717 0.835262
23.1993 -18.7162 0.669545
23.7347 -17.9685 0.577383
24.4153 -16.9625 0.496196
24.9014 -16.19 0.464157
25.522 -15.1411 0.438837
25.9715 -14.3412 0.427212
26.5168 -13.2541 0.437137
26.9101 -12.4296 0.442498
27.3579 -11.3129 0.460726
27.6856 -10.45 0.463442
27.9941 -9.59945 0.477042
28.3555 -8.44721 0.479589
28.6031 -7.58064 0.488478
28.9034 -6.41158 0.487111
29.0827 -5.5287 0.47764
29.3064 -4.34579 0.47303
29.4259 -3.46506 0.465039
29.5288 -2.27123 0.45416
29.5949 -1.36552 0.436674
29.6152 -0.161227 0.420164
29.603 0.750228 0.406366
29.562 1.94921 0.386535
29.4851 2.84607 0.377839
29.384 3.74561 0.363346
29.2017 4.93215 0.350449
29.0372 5.81909 0.335237
28.7681 6.98565 0.315772
28.535 7.85909 0.302833
28.1852 9.01027 0.282958
27.8872 9.86276 0.267953
27.455 10.9833 0.247904
27.1065 11.8028 0.236493
26.6096 12.8844 0.226928
26.2151 13.6825 0.222447
25.6494 14.7506 0.225144
25.2075 15.5285 0.230136
24.5933 16.5612 0.247343
24.099 17.3218 0.275518
23.6002 18.0679 0.312541
22.8923 19.0527 0.381953
22.3365 19.826 0.431461
21.3182 21.2923 1.28574
20.1743 22.1768 1.01706
19.418 22.7667 0.877222
18.4352 23.5019 0.734397
17.7004 24.0535 0.646674
16.6944 24.7443 0.58489
15.9373 25.2316 0.540198
14.8949 25.8502 0.506997
14.1084 26.2793 0.493763
13.2926 26.6782 0.480374
12.1916 27.1916 0.464731
11.3607 27.5529 0.465917
10.238 28.0104 0.452268
9.38802 28.318 0.448927
8.23623 28.6867 0.422552
7.36277 28.9429 0.405818
6.19748 29.2378 0.384718
5.32005 29.4102 0.369824
4.12859 29.5998 0.352082
3.23008 29.7091 0.333394
2.02139 29.8054 0.319757
1.11157 29.857 0.297382
-0.112213 29.8701 0.28409
