-0.134699 30.1134 0.197298
-1.05569 30.096 0.190862
-1.97071 30.0525 0.184649
-3.1963 29.952 0.174853
-4.0947 29.8405 0.165697
-5.29502 29.6392 0.157318
-6.19949 29.4584 0.149661
-7.38904 29.1828 0.138345
-8.27162 28.9427 0.12906
-9.43243 28.5775 0.119164
-10.2909 28.2677 0.113652
-11.4211 27.8104 0.106468
-12.2576 27.4381 0.101152
-13.3569 26.905 0.0948771
-14.1682 26.4782 0.0916111
-14.9686 26.029 0.0907668
-16.0168 25.3974 0.0955054
-16.7878 24.8999 0.104402
-17.7935 24.2046 0.123868
-18.5301 23.6601 0.143798
-19.4882 22.9031 0.176434
-20.193 22.3134 0.203077
-21.2403 21.4311 0.232559
-22.6 20.0732 0.469456
-23.2111 19.3669 0.421889
-23.9832 18.3979 0.365428
-24.5337 17.656 0.326402
-25.0611 16.8986 0.292986
-25.7282 15.8643 0.257505
-26.1944 15.076 0.239126
-26.7809 13.9979 0.222944
-27.1923 13.177 0.215482
-27.7043 12.0616 0.207877
-28.0575 11.2157 0.201228
-28.4906 10.0684 0.196209
-28.7884 9.19589 0.193643
-29.1513 8.00937 0.186719
-29.3982 7.13236 0.181964
-29.6581 5.95033 0.180441
-29.8162 5.04607 0.177685
-29.9887 3.83361 0.169663
-30.0872 2.92027 0.163123
-30.1565 2.00538 0.158018
-30.2044 0.783634 0.15125
-30.2066 -0.134019 0.145606
-30.1666 -1.36197 0.136044
-30.1112 -2.28618 0.127371
-29.9971 -3.49878 0.130235
-29.8697 -4.42036 0.136939
-29.6804 -5.62267 0.133943
-29.4895 -6.50582 0.12406
-29.1832 -7.68611 0.11221
-28.9199 -8.56789 0.102491
-28.5351 -9.74342 0.0892714
-28.2301 -10.6084 0.0810922
-27.8942 -11.4563 0.0741872
-27.4035 -12.5787 0.0617287
-27.011 -13.4062 0.0525435
-26.444 -14.4873 0.0461515
-25.9883 -15.2846 0.0446264
-25.3475 -16.327 0.0451791
-24.8385 -17.0859 0.0497052
-24.1203 -18.0771 0.0613787
-23.5581 -18.8036 0.0740134
-22.7781 -19.7403 0.0973886
-22.1711 -20.427 0.117668
-20.7005 -21.9909 0.539836
-20.0818 -22.623 0.49531
-19.1538 -23.4354 0.450651
-18.4314 -24.0138 0.416958
-17.4399 -24.746 0.372294
-16.6777 -25.2663 0.341151
-15.6376 -25.9186 0.308105
-14.8397 -26.3775 0.288566
-13.7533 -26.9492 0.269347
-12.9221 -27.35 0.258961
-11.7958 -27.8482 0.249945
-10.9399 -28.1949 0.245835
-9.7875 -28.6151 0.242232
-8.91239 -28.8985 0.240306
-7.73325 -29.2343 0.238077
-6.8407 -29.4535 0.235546
-5.94089 -29.6441 0.232998
-4.73057 -29.857 0.230862
-3.81959 -29.9873 0.229282
-2.60318 -30.1145 0.224161
-1.68705 -30.1754 0.218603
-0.464354 -30.2129 0.21024
0.452331 -30.2073 0.203787
1.674 -30.1559 0.195106
2.58827 -30.0854 0.18901
3.80377 -29.9487 0.181569
4.71862 -29.8157 0.174274
5.92177 -29.5999 0.165221
6.82102 -29.4082 0.156649
7.71058 -29.188 0.146959
8.88363 -28.8474 0.132146
9.75412 -28.5573 0.122491
10.897 -28.1296 0.110841
11.7377 -27.7747 0.101801
12.8448 -27.2569 0.0915603
13.6694 -26.8409 0.0873751
14.7469 -26.2631 0.0894557
15.5364 -25.7994 0.0950065
16.5655 -25.1482 0.111245
17.3146 -24.6304 0.130144
18.2898 -23.9023 0.163373
19.0047 -23.3308 0.194453
19.9413 -22.5463 0.240483
20.8062 -21.8428 0.278894
22.085 -20.5173 0.701193
22.6822 -19.788 0.635642
23.4381 -18.8138 0.55111
23.9714 -18.0743 0.497099
24.6505 -17.0662 0.444051
25.1351 -16.2952 0.419866
25.7445 -15.2465 0.404321
26.1768 -14.4458 0.402872
26.7244 -13.3577 0.404632
27.1061 -12.5374 0.408644
27.575 -11.4078 0.419012
27.8966 -10.5568 0.426345
28.2102 -9.68813 0.42482
28.5853 -8.53516 0.430834
28.821 -7.66167 0.443444
29.0991 -6.45702 0.447939
29.3179 -5.55095 0.444549
29.5179 -4.38305 0.435136
29.6326 -3.47433 0.427024
29.7409 -2.2761 0.416456
29.7957 -1.36683 0.405793
29.8236 -0.156371 0.386362
29.8111 0.754641 0.374909
29.7544 1.95718 0.36318
29.6843 2.86053 0.350729
29.5825 3.75853 0.335099
29.4139 4.95896 0.312589
29.2469 5.8337 0.299234
28.9722 7.00164 0.279114
28.7333 7.87345 0.262648
28.3767 9.02768 0.238158
28.082 9.88533 0.219816
27.6494 11.0217 0.201179
27.2995 11.8578 0.188386
26.7947 12.9613 0.173865
26.3895 13.7768 0.170462
25.8179 14.8546 0.172064
25.3691 15.6523 0.179045
24.7395 16.6975 0.198956
24.2499 17.4649 0.22163
23.7402 18.2122 0.25157
23.0255 19.1923 0.302504
22.4653 19.9365 0.342819
21.2058 21.4986 0.856928
20.3247 22.3497 0.71605
19.622 22.9587 0.643189
18.6613 23.735 0.553524
17.9228 24.2888 0.497439
16.909 24.9934 0.435876
16.1323 25.4961 0.400332
15.0842 26.1232 0.362326
14.2819 26.5567 0.34033
13.4599 26.9627 0.321818
12.3384 27.4684 0.302252
11.4883 27.8224 0.289583
10.3383 28.26 0.277741
9.46465 28.566 0.27174
8.29929 28.9366 0.268171
7.40817 29.1871 0.264835
6.20984 29.4922 0.255622
5.32424 29.6892 0.24773
4.12933 29.8735 0.24166
3.22218 29.9729 0.233168
2.00397 30.064 0.22002
1.08752 30.1039 0.208999
-0.134699 30.1134 0.197298
