-0.249788 27.8838 0.174956
-1.08377 27.8834 0.173555
-1.9568 27.8749 0.16915
-3.12112 27.7671 0.12934
-3.93958 27.6574 0.137477
-5.05264 27.5048 0.139471
-5.89417 27.3524 0.132768
-7.02267 27.1016 0.150585
-7.83906 26.8849 0.174569
-8.91429 26.5386 0.175176
-9.70417 26.2567 0.172376
-10.7196 25.8657 0.171844
-11.4828 25.5636 0.165365
-12.4633 25.131 0.163573
-13.2222 24.7876 0.129749
-13.9583 24.381 0.100956
-14.923 23.857 0.0626312
-15.6902 23.403 0.0390389
-16.7245 22.7625 0.0141082
-17.4992 22.2619 0.037417
-18.5901 21.6465 0.0804249
-19.7403 21.2971 0.0576281
-22.3289 20.4538 -0.076859
-21.0574 19.0303 0.502244
-21.5892 17.9478 0.375021
-22.2564 16.9503 0.279671
-22.7647 16.247 0.248612
-23.2389 15.5114 0.214759
-23.8575 14.5697 0.193994
-24.282 13.832 0.182977
-24.8279 12.8506 0.192621
-25.2106 12.1019 0.200755
-25.694 11.0895 0.211218
-26.0228 10.3168 0.209359
-26.4299 9.27241 0.184928
-26.7003 8.46532 0.16948
-27.0343 7.37316 0.162864
-27.2423 6.53629 0.166097
-27.4793 5.44204 0.163195
-27.6221 4.58637 0.161385
-27.7912 3.49166 0.168977
-27.8889 2.62283 0.168054
-27.9418 1.7887 0.178988
-28.0355 0.638622 0.159412
-28.0264 -0.251084 0.150884
-28.0228 -1.38554 0.153824
-27.9772 -2.24692 0.141344
-27.8865 -3.39827 0.129861
-27.7773 -4.2281 0.1362
-27.6149 -5.33621 0.13993
-27.461 -6.19314 0.13684
-27.1966 -7.30338 0.134843
-26.9724 -8.11516 0.130075
-26.647 -9.21737 0.130985
-26.3712 -10.0179 0.127419
-26.0846 -10.7888 0.123153
-25.6607 -11.8623 0.118048
-25.3153 -12.5952 0.0921251
-24.7963 -13.5943 0.0300383
-24.4023 -14.2815 -0.00983938
-23.8325 -15.2369 -0.0676323
-23.4117 -15.9703 -0.082056
-22.7796 -17.0538 -0.0445562
-22.2837 -17.8779 0.0392404
-21.6364 -19.0037 0.0934821
-21.2409 -20.1554 0.0380914
-21.5475 -20.3705 0.899502
-19.1499 -21.196 0.610576
-17.8523 -21.8364 0.414587
-17.0922 -22.337 0.31103
-16.1285 -22.9856 0.228171
-15.4034 -23.4514 0.202288
-14.4258 -24.0544 0.175992
-13.6832 -24.4859 0.152713
-12.6713 -25.0206 0.13454
-11.9049 -25.3951 0.138769
-10.8622 -25.8702 0.151471
-10.0727 -26.1932 0.156685
-8.98639 -26.5958 0.166544
-8.16457 -26.8552 0.180268
-7.07563 -27.1493 0.191427
-6.26135 -27.3403 0.203006
-5.43252 -27.5059 0.218456
-4.34982 -27.6885 0.232383
-3.53357 -27.804 0.243028
-2.40405 -27.9364 0.246265
-1.55459 -27.9903 0.241395
-0.423059 -28.0253 0.226132
0.416071 -28.0143 0.21303
1.54885 -27.9555 0.198291
2.41252 -27.8923 0.186798
3.54377 -27.7666 0.168243
4.41038 -27.6398 0.153057
5.52392 -27.4297 0.139247
6.35946 -27.2347 0.145564
7.18249 -27.0267 0.156394
8.28033 -26.741 0.164566
9.12822 -26.4733 0.159813
10.1523 -26.0812 0.153855
10.9367 -25.7644 0.12796
11.9374 -25.3098 0.070577
12.6693 -24.935 0.0154375
13.6331 -24.4126 -0.056715
14.3675 -23.999 -0.0902631
15.4076 -23.4042 -0.0829824
16.2174 -22.9337 -0.0435348
17.2797 -22.2679 0.046368
18.1158 -21.8794 0.141707
19.8809 -21.5186 0.193683
21.8895 -20.9064 0.12209
20.4669 -19.4294 0.542964
20.9723 -18.2692 0.420203
21.6506 -17.2664 0.344946
22.1643 -16.5681 0.309849
22.8007 -15.6174 0.282597
23.2394 -14.9115 0.25337
23.7858 -13.9523 0.243466
24.2182 -13.2131 0.237421
24.7399 -12.162 0.243717
25.0886 -11.3948 0.254605
25.5328 -10.3586 0.259378
25.8126 -9.61018 0.275755
26.1128 -8.84658 0.280037
26.4481 -7.7869 0.298137
26.6945 -6.98943 0.304355
26.9816 -5.87847 0.290562
27.1201 -5.06075 0.269706
27.3048 -3.97968 0.242509
27.4146 -3.13639 0.233409
27.5081 -2.00461 0.213618
27.5407 -1.14367 0.196607
27.5649 -0.0461091 0.188564
27.5482 0.800416 0.187083
27.5157 1.92945 0.1953
27.4464 2.75846 0.207299
27.377 3.59061 0.212458
27.213 4.70655 0.215156
27.0795 5.50018 0.20073
26.8671 6.59535 0.206466
26.6708 7.4178 0.215208
26.3847 8.47209 0.232281
26.1415 9.2932 0.220687
25.7872 10.3054 0.197145
25.492 11.1018 0.159142
25.0381 12.1015 0.109543
24.6806 12.8601 0.0575964
24.1803 13.8359 0.0225243
23.7836 14.6064 0.00469921
23.2037 15.6819 0.00823353
22.7157 16.5049 0.0488087
22.2336 17.2912 0.110683
21.8109 18.4956 0.0864513
21.5113 19.8989 -0.0118468
22.0242 19.7234 0.937282
18.9822 20.8093 0.669077
18.1026 21.3355 0.555042
17.1493 21.9961 0.424069
16.4593 22.4841 0.345869
15.5034 23.1026 0.297519
14.794 23.5336 0.280453
13.8185 24.1266 0.273537
13.0759 24.5177 0.266121
12.3303 24.9107 0.261577
11.2915 25.395 0.237772
10.5031 25.7459 0.229846
9.46775 26.1433 0.239258
8.66779 26.4277 0.236933
7.61621 26.7635 0.22919
6.79597 26.9746 0.212425
5.69091 27.2264 0.201327
4.84657 27.3926 0.186467
3.70125 27.5808 0.169778
2.8653 27.6822 0.166081
1.74555 27.7908 0.170786
0.894901 27.8544 0.167056
-0.249788 27.8838 0.174956
