-0.135981 30.3144 0.183205
-1.06468 30.286 0.180656
-1.99155 30.2369 0.175383
-3.21392 30.1216 0.172115
-4.139 29.9994 0.16973
-5.3471 29.8115 0.169436
-6.24706 29.6285 0.168226
-7.44495 29.3356 0.166498
-8.33403 29.0858 0.164203
-9.49911 28.7162 0.1646
-10.378 28.4033 0.168484
-11.507 27.9518 0.167313
-12.3482 27.5786 0.164628
-13.458 27.0473 0.157914
-14.2694 26.6184 0.153238
-15.0721 26.1634 0.15021
-16.1305 25.5256 0.149372
-16.9056 25.0264 0.151008
-17.9157 24.3301 0.156451
-18.6586 23.7848 0.163415
-19.6205 23.0277 0.175563
-20.3206 22.4346 0.186558
-21.2229 21.6104 0.200047
-21.8776 20.9658 0.207445
-22.7243 20.076 0.213361
-23.3406 19.3889 0.214288
-24.1286 18.4494 0.21086
-24.6886 17.7231 0.205809
-25.2185 16.9771 0.199808
-25.8815 15.9485 0.192617
-26.3466 15.1539 0.188458
-26.9257 14.071 0.184922
-27.3335 13.242 0.18357
-27.8377 12.1169 0.183302
-28.1887 11.2613 0.184433
-28.6246 10.1005 0.187985
-28.9126 9.21254 0.189207
-29.2545 8.05577 0.193556
-29.4908 7.15291 0.197437
-29.7534 5.95703 0.201165
-29.9286 5.04761 0.199454
-30.1112 3.82156 0.193317
-30.2093 2.91427 0.193703
-30.2816 1.97869 0.197427
-30.3437 0.755781 0.193623
-30.3462 -0.161478 0.189903
-30.3096 -1.39571 0.185369
-30.2481 -2.31634 0.183571
-30.1208 -3.54449 0.182243
-29.9906 -4.45429 0.181341
-29.7791 -5.6661 0.178483
-29.5794 -6.5661 0.177808
-29.2789 -7.7575 0.173582
-29.0203 -8.63755 0.172818
-28.6334 -9.82328 0.174436
-28.3204 -10.6977 0.17847
-27.9853 -11.5289 0.176372
-27.488 -12.6584 0.176014
-27.0943 -13.4941 0.171473
-26.5247 -14.5698 0.167622
-26.067 -15.3677 0.166399
-25.4236 -16.4234 0.168548
-24.9229 -17.1796 0.168378
-24.2141 -18.1771 0.173668
-23.6569 -18.9079 0.179813
-22.8808 -19.855 0.191067
-22.2735 -20.5462 0.200479
-21.4363 -21.4408 0.211428
-20.7831 -22.0915 0.218179
-20.1125 -22.728 0.221857
-19.1938 -23.5498 0.222873
-18.4875 -24.1408 0.2218
-17.5122 -24.8888 0.21638
-16.7617 -25.4194 0.212828
-15.7265 -26.0771 0.207781
-14.9263 -26.5389 0.20499
-13.8314 -27.1175 0.203671
-12.9984 -27.5152 0.200854
-11.8541 -28.0131 0.201439
-10.9672 -28.3731 0.206285
-9.82941 -28.7809 0.205227
-8.9444 -29.0617 0.212238
-7.75158 -29.397 0.219869
-6.8239 -29.6243 0.221577
-5.93108 -29.8244 0.218327
-4.73154 -30.0352 0.216011
-3.81737 -30.1562 0.21655
-2.58174 -30.2745 0.217597
-1.65244 -30.3406 0.217902
-0.431511 -30.3769 0.209314
0.488336 -30.3624 0.20626
1.71905 -30.3041 0.205925
2.63903 -30.2347 0.205565
3.8688 -30.0993 0.205014
4.76508 -29.9617 0.197791
5.97641 -29.728 0.193475
6.87488 -29.5297 0.192185
7.76816 -29.3007 0.190983
8.95289 -28.9656 0.187341
9.82427 -28.6773 0.183867
10.9731 -28.2463 0.181668
11.8141 -27.8979 0.181815
12.95 -27.3916 0.182944
13.7659 -26.9911 0.181789
14.8483 -26.4139 0.182041
15.64 -25.9522 0.186841
16.6819 -25.2945 0.196686
17.4463 -24.7787 0.207818
18.4406 -24.0607 0.22723
19.1654 -23.4962 0.246743
20.1035 -22.7067 0.275692
20.785 -22.0876 0.295935
21.4484 -21.4463 0.313034
22.3094 -20.5622 0.325895
22.9367 -19.8817 0.327319
23.7335 -18.9531 0.323302
24.2952 -18.2326 0.319529
24.9956 -17.2306 0.316696
25.4834 -16.4518 0.316986
26.0916 -15.3832 0.324134
26.5174 -14.5677 0.335838
27.0495 -13.4646 0.354992
27.4177 -12.6261 0.369322
27.8734 -11.4891 0.380844
28.2027 -10.6077 0.377409
28.5482 -9.72552 0.365537
28.9535 -8.56919 0.348978
29.203 -7.72933 0.337258
29.4474 -6.56153 0.342031
29.6145 -5.64724 0.35612
29.8455 -4.40785 0.368802
29.9644 -3.53377 0.351028
30.0749 -2.3159 0.324557
30.1318 -1.38389 0.304315
30.1521 -0.182169 0.275136
30.1355 0.744012 0.258256
30.0776 1.97664 0.241622
30.0073 2.89947 0.236096
29.894 3.79551 0.228999
29.7037 5.01177 0.217315
29.52 5.90759 0.21192
29.2291 7.09555 0.203667
28.9812 7.98001 0.199354
28.6078 9.14529 0.194871
28.2983 10.0106 0.192113
27.8495 11.1552 0.189017
27.4896 11.9966 0.186046
26.9734 13.106 0.184851
26.5614 13.929 0.185789
25.9823 15.0152 0.189648
25.5282 15.8163 0.194648
24.8954 16.8696 0.204781
24.4012 17.6462 0.215481
23.8902 18.4068 0.229633
23.1782 19.3899 0.253407
22.6162 20.1017 0.272879
21.8242 21.019 0.295254
21.1981 21.6898 0.306315
20.3363 22.5627 0.31101
19.6723 23.1954 0.30773
18.7586 24 0.297603
18.0486 24.5644 0.288061
17.0511 25.269 0.273255
16.278 25.7547 0.262617
15.2077 26.363 0.25277
14.3716 26.8007 0.249768
13.5557 27.2138 0.243838
12.42 27.7186 0.231724
11.5652 28.0602 0.228992
10.4089 28.4864 0.229094
9.53546 28.7857 0.229124
8.34787 29.1607 0.226689
7.46818 29.3992 0.218951
6.25891 29.6822 0.213781
5.34597 29.8786 0.207643
4.15778 30.0597 0.205305
3.24127 30.1632 0.201154
2.00158 30.2703 0.199621
1.09503 30.3125 0.192541
-0.135981 30.3144 0.183205
