-0.129494 29.4263 0.451328
-1.0159 29.4221 0.436449
-1.92581 29.3958 0.428024
-3.09751 29.3 0.416863
-4.00305 29.2219 0.402166
-5.17384 29.0338 0.393776
-6.06005 28.8819 0.384653
-7.22481 28.6308 0.367755
-8.09331 28.3998 0.35848
-9.22905 28.0776 0.336235
-10.0778 27.783 0.320429
-11.1858 27.3691 0.290692
-11.9982 27.0202 0.270366
-13.0876 26.5067 0.232148
-13.8698 26.102 0.2055
-14.6527 25.6602 0.189896
-15.6677 25.0316 0.168525
-16.4288 24.5396 0.167682
-17.4068 23.8427 0.188972
-18.1405 23.2983 0.22044
-19.1073 22.5688 0.281515
-19.8272 22.036 0.329656
-21.5781 21.0034 0.195625
-22.0991 19.8819 1.08985
-22.6458 18.9948 0.892253
-23.3592 17.9875 0.707635
-23.9167 17.2194 0.620989
-24.4196 16.4863 0.57931
-25.0973 15.4947 0.512678
-25.5636 14.7309 0.499566
-26.1364 13.6893 0.476582
-26.5577 12.9053 0.451088
-27.0459 11.8109 0.447644
-27.4095 11.0014 0.423836
-27.8374 9.87304 0.418655
-28.1434 9.03244 0.41016
-28.5004 7.8907 0.397727
-28.7296 7.02266 0.401702
-29.0026 5.85962 0.389322
-29.1691 4.97112 0.390785
-29.3565 3.78726 0.379889
-29.4608 2.88787 0.378416
-29.5393 1.99469 0.370408
-29.6104 0.793685 0.360526
-29.6218 -0.109245 0.351213
-29.6149 -1.31532 0.343536
-29.5544 -2.21629 0.333938
-29.4602 -3.41366 0.319895
-29.3457 -4.29754 0.315664
-29.1601 -5.49541 0.30161
-28.9864 -6.37043 0.297705
-28.7193 -7.55443 0.282525
-28.4842 -8.42069 0.275678
-28.1338 -9.57737 0.251772
-27.8412 -10.4299 0.235397
-27.5152 -11.2669 0.216412
-27.0495 -12.375 0.183402
-26.6536 -13.1807 0.158588
-26.0995 -14.2469 0.121859
-25.652 -15.013 0.102018
-25.0051 -16.0259 0.0848234
-24.4961 -16.7811 0.0882975
-23.7774 -17.7528 0.108454
-23.2267 -18.4622 0.148676
-22.4601 -19.3814 0.225964
-21.8897 -20.0898 0.28575
-20.9751 -21.543 1.46222
-19.8493 -22.1748 1.13761
-18.7519 -22.9099 0.90462
-17.9991 -23.4498 0.787812
-16.9974 -24.1498 0.675652
-16.2536 -24.6542 0.621229
-15.2322 -25.2882 0.578589
-14.4601 -25.7376 0.554661
-13.4157 -26.3015 0.541087
-12.6171 -26.7002 0.525895
-11.5425 -27.1864 0.51677
-10.7191 -27.5319 0.501379
-9.61403 -27.9403 0.488369
-8.76693 -28.2318 0.469647
-7.61851 -28.5644 0.455953
-6.76483 -28.7857 0.433411
-5.88409 -28.9982 0.416901
-4.70753 -29.2139 0.402778
-3.80344 -29.3584 0.388559
-2.60985 -29.4924 0.383011
-1.69653 -29.5695 0.372157
-0.491449 -29.615 0.376145
0.421876 -29.6206 0.371
1.63137 -29.5875 0.375364
2.53714 -29.5189 0.377871
3.73675 -29.4111 0.378694
4.63607 -29.2771 0.377742
5.81577 -29.0871 0.378113
6.69915 -28.9032 0.370045
7.56214 -28.6918 0.369253
8.71909 -28.3783 0.348015
9.56156 -28.0982 0.330495
10.6812 -27.696 0.301467
11.4888 -27.3586 0.275059
12.5607 -26.8516 0.240264
13.3522 -26.4581 0.216555
14.3839 -25.8751 0.189589
15.1505 -25.3999 0.18211
16.1454 -24.7549 0.188489
16.8806 -24.25 0.201744
17.8284 -23.5461 0.251079
18.5163 -22.9983 0.309242
19.5101 -22.2778 0.377922
21.0996 -21.4414 0.223135
21.5858 -20.3073 1.10292
22.0808 -19.3984 0.905602
22.8097 -18.3439 0.712761
23.3115 -17.5779 0.650334
23.9971 -16.5706 0.597597
24.4745 -15.8248 0.585117
25.0804 -14.801 0.586711
25.5128 -14.0239 0.586665
26.0484 -12.9927 0.598955
26.4107 -12.1642 0.610344
26.9058 -11.084 0.616776
27.2228 -10.2606 0.62036
27.5532 -9.4454 0.623986
27.9176 -8.3513 0.621403
28.1787 -7.51102 0.607873
28.4635 -6.36489 0.594238
28.6598 -5.49684 0.567678
28.8564 -4.32029 0.563125
28.9716 -3.45535 0.535593
29.1081 -2.25858 0.525905
29.1501 -1.37303 0.521125
29.1922 -0.170974 0.505286
29.2016 0.712961 0.50669
29.1499 1.89873 0.498124
29.0991 2.78447 0.491591
28.9961 3.67202 0.490333
28.8425 4.81696 0.468085
28.6965 5.70869 0.462031
28.4463 6.82379 0.434651
28.2456 7.69498 0.403591
27.916 8.80037 0.377092
27.6504 9.65517 0.341228
27.2425 10.7507 0.304706
26.9004 11.5898 0.27573
26.4167 12.6911 0.237446
26.0176 13.4883 0.233954
25.4362 14.548 0.235875
24.997 15.3352 0.241467
24.3492 16.3439 0.284163
23.8485 17.0892 0.318605
23.3241 17.832 0.372613
22.6349 18.8066 0.443773
22.1099 19.6795 0.440753
21.492 20.9928 1.65242
19.9213 21.8059 1.24248
19.1273 22.3468 1.0016
18.1194 23.0834 0.822184
17.4146 23.6147 0.729744
16.4413 24.3089 0.656645
15.6996 24.7709 0.63315
14.6943 25.3954 0.595539
13.8954 25.8075 0.592412
13.1269 26.2118 0.58101
12.0267 26.7456 0.56635
11.2121 27.0918 0.557075
10.1088 27.5629 0.530056
9.24395 27.8602 0.524841
8.13311 28.2252 0.509134
7.25717 28.4916 0.488784
6.09924 28.7513 0.4971
5.21967 28.9488 0.47528
4.03836 29.1236 0.481365
3.15539 29.2464 0.464754
1.95941 29.3444 0.468224
1.0718 29.403 0.455961
-0.129494 29.4263 0.451328
