(0.069 0.0 0.01)
(0.06895749615908668 0.0024215126407982086 0.01)
(0.06883003700088275 0.004840041989189052 0.01)
(0.06861777955448334 0.007252608428167654 0.01)
(0.06832098532008368 0.009656239687006045 0.01)
(0.06794001994681197 0.012047974503076972 0.01)
(0.06747535278225135 0.014424866270115825 0.01)
(0.06692755629420591 0.016783986668425965 0.01)
(0.06629730536542289 0.01912242927255505 0.01)
(0.06558537646214035 0.021437313131997857 0.01)
(0.06479264667748427 0.023725786320513954 0.01)
(0.06392009265089392 0.025985029449687714 0.01)
(0.06296878936490652 0.028212259142401844 0.01)
(0.06193990882078375 0.03040473146194514 0.01)
(0.060834718594611585 0.032559745292529856 0.01)
(0.059654580275652416 0.034674645667053944 0.01)
(0.05840094778887333 0.036746827038008224 0.01)
(0.057075365603717274 0.038773736487498954 0.01)
(0.05567946683132384 0.04075287687243085 0.01)
(0.054214971212543824 0.04268180990097591 0.01)
(0.052683682999226475 0.044558159136537684 0.01)
(0.0510874887313895 0.04637961292551019 0.01)
(0.04942835491301051 0.04814392724522451 0.01)
(0.04770832558930311 0.049848928468574395 0.01)
(0.045929519828462724 0.05149251604191477 0.01)
(0.04409412911098424 0.05307266507293423 0.01)
(0.042204414629768226 0.05458742882531294 0.01)
(0.0402627045043417 0.056034941117092854 0.01)
(0.03827139091262552 0.0574134186198053 0.01)
(0.036232927143782345 0.05872116305552336 0.01)
(0.03414982457577558 0.059956563289132535 0.01)
(0.032024649581363446 0.06111809731324167 0.01)
(0.029860020366339363 0.062204334123289184 0.01)
(0.027658603743914732 0.06321393548053393 0.01)
(0.025423111849217184 0.06414565756075927 0.01)
(0.023156298797952658 0.06499835248665875 0.01)
(0.02086095729334757 0.06577096974201559 0.01)
(0.01853991518555128 0.06646255746593391 0.01)
(0.016196031987737825 0.06707226362552686 0.01)
(0.013832195353198741 0.06759933706561735 0.01)
(0.011451317517767647 0.06804312843415762 0.01)
(0.009056331711959057 0.06840309098222803 0.01)
(0.006650188547241981 0.06867878123762923 0.01)
(0.0042358523809001205 0.06886985955123782 0.01)
(0.0018162976639573734 0.06897609051545256 0.01)
(-0.0006054947233320582 0.06899734325421536 0.01)
(-0.0030265411439143915 0.0689335915842501 0.01)
(-0.005443858879763418 0.06878491404732015 0.01)
(-0.007854469806575358 0.0685514938134655 0.01)
(-0.010255404062804209 0.06823361845533783 0.01)
(-0.012643703708517471 0.06783167959391263 0.01)
(-0.01501642636956459 0.0673461724160137 0.01)
(-0.01737064886256829 0.06677769506424548 0.01)
(-0.019703470796272965 0.06612694790008397 0.01)
(-0.022012018144813423 0.06539473264103467 0.01)
(-0.02429344678850149 0.06458195137292035 0.01)
(-0.026544946017768273 0.06368960543851539 0.01)
(-0.028763741995945422 0.06271879420389623 0.01)
(-0.030947101176619154 0.06167071370402728 0.01)
(-0.03309233367134685 0.060546655169251465 0.01)
(-0.03519679656358708 0.05934800343450035 0.01)
(-0.0372578971647607 0.058076235233183955 0.01)
(-0.03927309620843126 0.05673291737786189 0.01)
(-0.04123991097866948 0.05531970482993756 0.01)
(-0.04315591836874779 0.05383833866075344 0.01)
(-0.045018757866396704 0.05229064390659906 0.01)
(-0.046826134461945106 0.05067852732027479 0.01)
(-0.04857582147576144 0.049003975021981165 0.01)
(-0.050265663301512845 0.04726905005242802 0.01)
(-0.05189357806186222 0.045475889831177715 0.01)
(-0.053457560173331496 0.043626703523354175 0.01)
(-0.05495568281717114 0.04172376931796169 0.01)
(-0.056386100313192154 0.039769431621166446 0.01)
(-0.05774705039363533 0.037766098167999064 0.01)
(-0.05903685637427726 0.03571623705603601 0.01)
(-0.06025392922009728 0.03362237370471497 0.01)
(-0.061396769502961544 0.03148708774402949 0.01)
(-0.062463969248911455 0.029313009836436872 0.01)
(-0.06345421367278108 0.027102818435894137 0.01)
(-0.06436628279800642 0.024859236488015142 0.01)
(-0.06519905295963095 0.022585028075414 0.01)
(-0.06595149818865563 0.020282995012368212 0.01)
(-0.06662269147602796 0.0179559733929963 0.01)
(-0.06721180591471293 0.015606830097202977 0.01)
(-0.06771811571843861 0.013238459258696211 0.01)
(-0.06814099711586148 0.010853778699428053 0.01)
(-0.06847992911904995 0.008455726334851235 0.01)
(-0.06873449416533894 0.006047256554420963 0.01)
(-0.06890437863176531 0.0036313365818008347 0.01)
(-0.06898937322144977 0.0012109428192567146 0.01)
(-0.06898937322144977 -0.001210942819256759 0.01)
(-0.06890437863176531 -0.0036313365818008174 0.01)
(-0.06873449416533894 -0.006047256554420977 0.01)
(-0.06847992911904995 -0.008455726334851218 0.01)
(-0.06814099711586148 -0.010853778699428036 0.01)
(-0.06771811571843861 -0.013238459258696225 0.01)
(-0.06721180591471294 -0.01560683009720296 0.01)
(-0.06662269147602795 -0.017955973392996344 0.01)
(-0.06595149818865563 -0.020282995012368223 0.01)
(-0.06519905295963095 -0.022585028075414012 0.01)
(-0.06436628279800642 -0.024859236488015125 0.01)
(-0.06345421367278109 -0.02710281843589412 0.01)
(-0.06246396924891146 -0.029313009836436858 0.01)
(-0.06139676950296155 -0.03148708774402947 0.01)
(-0.06025392922009726 -0.033622373704715006 0.01)
(-0.05903685637427723 -0.03571623705603605 0.01)
(-0.05774705039363532 -0.037766098167999085 0.01)
(-0.05638610031319213 -0.03976943162116645 0.01)
(-0.054955682817171156 -0.04172376931796168 0.01)
(-0.05345756017333148 -0.04362670352335418 0.01)
(-0.05189357806186223 -0.0454758898311777 0.01)
(-0.05026566330151285 -0.04726905005242801 0.01)
(-0.04857582147576141 -0.04900397502198121 0.01)
(-0.04682613446194507 -0.050678527320274815 0.01)
(-0.0450187578663967 -0.052290643906599064 0.01)
(-0.043155918368747784 -0.053838338660753444 0.01)
(-0.04123991097866949 -0.055319704829937554 0.01)
(-0.03927309620843131 -0.056732917377861854 0.01)
(-0.037257897164760696 -0.05807623523318396 0.01)
(-0.035196796563587075 -0.059348003434500356 0.01)
(-0.03309233367134681 -0.06054665516925148 0.01)
(-0.030947101176619144 -0.06167071370402728 0.01)
(-0.028763741995945412 -0.06271879420389623 0.01)
(-0.026544946017768273 -0.06368960543851539 0.01)
(-0.02429344678850152 -0.06458195137292033 0.01)
(-0.022012018144813413 -0.06539473264103467 0.01)
(-0.019703470796272955 -0.06612694790008397 0.01)
(-0.01737064886256829 -0.06677769506424548 0.01)
(-0.01501642636956456 -0.06734617241601372 0.01)
(-0.012643703708517518 -0.06783167959391262 0.01)
(-0.01025540406280421 -0.06823361845533783 0.01)
(-0.007854469806575391 -0.06855149381346548 0.01)
(-0.005443858879763405 -0.06878491404732015 0.01)
(-0.003026541143914378 -0.0689335915842501 0.01)
(-0.0006054947233319986 -0.06899734325421536 0.01)
(0.001816297663957341 -0.06897609051545256 0.01)
(0.004235852380900134 -0.06886985955123782 0.01)
(0.006650188547241994 -0.06867878123762923 0.01)
(0.009056331711959057 -0.06840309098222803 0.01)
(0.011451317517767675 -0.06804312843415761 0.01)
(0.013832195353198755 -0.06759933706561735 0.01)
(0.016196031987737884 -0.06707226362552685 0.01)
(0.018539915185551276 -0.06646255746593391 0.01)
(0.020860957293347596 -0.06577096974201557 0.01)
(0.023156298797952668 -0.06499835248665874 0.01)
(0.02542311184921718 -0.06414565756075927 0.01)
(0.02765860374391472 -0.06321393548053393 0.01)
(0.02986002036633939 -0.06220433412328917 0.01)
(0.032024649581363494 -0.06111809731324165 0.01)
(0.03414982457577558 -0.059956563289132535 0.01)
(0.036232927143782366 -0.05872116305552334 0.01)
(0.03827139091262553 -0.05741341861980529 0.01)
(0.0402627045043417 -0.05603494111709286 0.01)
(0.04220441462976822 -0.05458742882531295 0.01)
(0.04409412911098421 -0.053072665072934254 0.01)
(0.045929519828462724 -0.051492516041914765 0.01)
(0.04770832558930311 -0.049848928468574395 0.01)
(0.04942835491301053 -0.04814392724522448 0.01)
(0.05108748873138948 -0.04637961292551022 0.01)
(0.052683682999226475 -0.044558159136537684 0.01)
(0.05421497121254382 -0.04268180990097592 0.01)
(0.055679466831323826 -0.04075287687243087 0.01)
(0.057075365603717294 -0.03877373648749893 0.01)
(0.05840094778887333 -0.03674682703800822 0.01)
(0.05965458027565244 -0.034674645667053895 0.01)
(0.06083471859461158 -0.032559745292529876 0.01)
(0.061939908820783755 -0.03040473146194512 0.01)
(0.06296878936490652 -0.028212259142401847 0.01)
(0.06392009265089393 -0.025985029449687676 0.01)
(0.06479264667748429 -0.023725786320513927 0.01)
(0.06558537646214035 -0.021437313131997846 0.01)
(0.0662973053654229 -0.019122429272555 0.01)
(0.0669275562942059 -0.016783986668425985 0.01)
(0.06747535278225136 -0.014424866270115806 0.01)
(0.06794001994681197 -0.012047974503076967 0.01)
(0.06832098532008368 -0.009656239687006055 0.01)
(0.06861777955448334 -0.007252608428167683 0.01)
(0.06883003700088275 -0.004840041989189035 0.01)
(0.06895749615908668 -0.002421512640798147 0.01)
(0.069 -1.6900125828233477e-17 0.01)
